Run semi-empirical minimization
 &qmmm
    qm_theory='AM1', grms_tol=0.0005,
 scfconv=1.d-10, ndiis_attempts=700,   qmcharge=-1,
 /
   6     C       59.8090       46.0540      -29.7170 
   6    C1       60.8220       48.5730      -30.4570 
   6    C2       60.4980       46.8650      -28.7790 
   6    C3       59.6670       46.5170      -31.0210 
   6    C4       61.0210       48.1490      -29.1260 
   6    C5       60.1680       47.7520      -31.3800 
   8     O       59.9550       48.1800      -32.6690 
   8    O1       61.6060       48.9090      -28.3010 
   8    O2       60.2950       47.3260      -26.5040 
   8    O3       60.9600       45.2150      -27.0730 
   6    C6       59.0520       44.7920      -29.4060 
   6    C7       57.6010       45.1430      -29.1400 
   6    C8       56.7670       43.8900      -29.0210 
   6    C9       55.3190       44.2790      -28.8250 
   6   C10       61.2020       49.9770      -30.8440 
   6   C11       59.1960       51.4730      -31.3190 
   6   C12       60.1060       50.9330      -30.4930 
   6   C13       58.0750       52.2880      -30.7660 
   6   C14       54.4620       43.0390      -28.7430 
   6   C15       56.9950       51.4140      -30.1330 
   6   C16       60.6800       46.3650      -27.3820 
   6   C17       59.1450       51.2980      -32.7980 
   6   C18       57.2070       51.2600      -28.6560 
   6   C19       57.3050       50.1200      -27.9560 
   6   C20       57.2300       48.7460      -28.5280 
   6   C21       57.5090       50.1530      -26.4800 
   1     H       59.4740       44.2440      -28.5640 
   1    H1       59.1150       44.1140      -30.2620 
   1    H2       57.2020       45.7610      -29.9510 
   1    H3       57.5210       45.7320      -28.2220 
   1    H4       57.1150       43.2860      -28.1800 
   1    H5       56.8710       43.2870      -29.9280 
   1    H6       54.9860       44.9040      -29.6580 
   1    H7       55.2130       44.8650      -27.9080 
   1    H8       59.1250       45.9210      -31.7450 
   1    H9       61.4620       50.0220      -31.9050 
   1   H10       62.1140       50.2730      -30.3210 
   1   H11       60.0100       51.1390      -29.4340 
   1   H12       57.6270       52.8510      -31.5900 
   1   H13       58.4570       53.0380      -30.0640 
   1   H14       54.7750       42.4120      -27.9030 
   1   H15       54.5520       42.4530      -29.6610 
   1   H16       53.4130       43.3110      -28.6040 
   1   H17       56.9110       50.4540      -30.6500 
   1   H18       56.0320       51.9080      -30.2720 
   1   H19       60.0290       50.8010      -33.2030 
   1   H20       59.0800       52.2800      -33.2680 
   1   H21       58.2610       50.7190      -33.0800 
   1   H22       57.2800       52.1890      -28.1040 
   1   H23       60.3100       49.0850      -32.6980 
   1   H24       57.1820       48.7280      -29.6190 
   1   H25       56.3460       48.2310      -28.1410 
   1   H26       58.1120       48.1780      -28.2270 
   1   H27       57.5440       51.1740      -26.0870 
   1   H28       58.4490       49.6590      -26.2220 
   1   H29       56.6930       49.6260      -25.9790 
   1   H30       61.9310       49.7420      -28.5810 

