Run semi-empirical minimization
 &qmmm
    qm_theory='AM1', grms_tol=0.0005,
 scfconv=1.d-10, ndiis_attempts=700,   qmcharge=0,
 /
  15    PA       -0.3030       16.5080       -9.1980 
   8   O1A       -0.6450       17.3840       -8.0220 
   8   O2A       -0.7580       17.1740      -10.4660 
   8   O5B        1.2320       16.2480       -8.9770 
   6   C5B        2.1010       16.2020      -10.0060 
   6   C4B        3.4020       16.7310       -9.4540 
   8   O4B        4.3150       16.6210      -10.5080 
   6   C3B        3.3520       18.2180       -9.3160 
   8   O3B        4.6010       18.5890       -8.8050 
   6   C2B        3.2850       18.6840      -10.7570 
   8   O2B        3.7420       19.9910      -10.9420 
   6   C1B        4.2050       17.7090      -11.4330 
   7   N9A        3.6290       17.2810      -12.7180 
   6   C8A        2.4410       16.6250      -12.9850 
   7   N7A        2.3320       16.4040      -14.3190 
   6   C5A        3.4510       16.8990      -14.9080 
   6   C6A        3.8940       16.9730      -16.2300 
   7   N6A        3.1460       16.5320      -17.2410 
   7   N1A        5.1190       17.5590      -16.5100 
   6   C2A        5.9110       18.0630      -15.4990 
   7   N3A        5.4900       17.9930      -14.2040 
   6   C4A        4.2760       17.4420      -13.9100 
   7    N1        1.8820        7.0380       -5.1490 
   6    C2        2.4740        5.7780       -5.2620 
   8    O2        3.6590        5.6940       -5.6710 
   7    N3        1.7220        4.6320       -4.9020 
   6    C4        0.4200        4.7950       -4.4550 
   8    O4       -0.2230        3.7980       -4.1480 
   6   C4X       -0.1640        6.0640       -4.3550 
   7    N5       -1.4660        6.2150       -3.9000 
   6   C5X       -2.0280        7.4850       -3.8070 
   6    C6       -3.3430        7.6960       -3.3820 
   6    C7       -3.8590        9.0110       -3.3240 
   6   C7M       -5.2710        9.2660       -2.8530 
   6    C8       -3.0760       10.1150       -3.7120 
   6   C8M       -3.5810       11.5540       -3.6880 
   6    C9       -1.7760        9.8780       -4.1400 
   6   C9A       -1.2640        8.5830       -4.1920 
   7   N10        0.0210        8.4320       -4.6430 
   6   C10        0.5850        7.1860       -4.7070 
   6   C1'        0.7540        9.7010       -4.9350 
   6   C2'        1.1680       10.0740       -6.3300 
   8   O2'        2.0740        9.1280       -6.7960 
   6   C3'        1.8290       11.4300       -6.2480 
   8   O3'        0.9040       12.2350       -5.5630 
   6   C4'        1.9830       11.9820       -7.6480 
   8   O4'        3.0920       12.8800       -7.7090 
   6   C5'        0.6560       12.6390       -8.0230 
   8   O5'        0.6010       12.8680       -9.3960 
  15     P       -0.6480       13.7120       -9.9320 
   8   O1P       -0.3830       14.2160      -11.3520 
   8   O2P       -1.8920       12.8360       -9.8240 
   8   O3P       -0.8550       15.0050       -8.9540 
   1  HO3B        4.6310       19.5420       -8.6930 
   1  HO2B        3.1450       20.6030      -10.5060 
   1  H6A1        2.2440       16.1180      -17.0580 
   1  H6A2        3.4820       16.6120      -18.1900 
   1    H1        2.4160        7.8580       -5.3970 
   1    H3        2.1290        3.7100       -4.9690 
   1  HO2'        2.3130        9.3330       -7.7030 
   1  HO3'        0.9890       12.0890       -4.6180 
   1  HO4'        3.1790       13.2220       -8.6020 

