Run semi-empirical minimization
 &qmmm
    qm_theory='AM1', grms_tol=0.0005,
 scfconv=1.d-10, ndiis_attempts=700,   qmcharge=-2,
 /
  15     P       61.8680       61.9730      -34.4530 
   8     O       60.3870       61.8930      -34.1880 
   8    O1       62.0980       62.3670      -35.8850 
   8    O2       62.3540       62.9330      -33.3060 
   6     C       63.3130       63.8570      -33.5120 
   6    C1       62.9640       65.0050      -32.5960 
   8    O3       63.9960       65.9330      -32.7670 
   6    C2       61.8210       65.7930      -33.1490 
   8    O4       61.5930       66.8210      -32.2260 
   6    C3       62.4180       66.4150      -34.3960 
   8    O5       61.7600       67.5760      -34.8090 
   6    C4       63.8090       66.7400      -33.9350 
   7     N       64.7790       66.4090      -34.9920 
   6    C5       65.0640       65.1950      -35.5890 
   7    N1       66.0580       65.3550      -36.4980 
   6    C6       66.4250       66.6620      -36.4760 
   6    C7       67.3670       67.4130      -37.1820 
   7    N2       68.1160       66.8670      -38.1390 
   7    N3       67.4990       68.7680      -36.9200 
   6    C8       66.7180       69.3840      -35.9630 
   7    N4       65.7980       68.6600      -35.2650 
   6    C9       65.6350       67.3300      -35.5260 
   7    N5       66.4720       57.0040      -26.3930 
   6   C10       67.5980       56.7550      -25.6060 
   8    O6       68.2710       57.7260      -25.1770 
   7    N6       67.9430       55.4140      -25.3060 
   6   C11       67.1560       54.3890      -25.8090 
   8    O7       67.4630       53.2320      -25.5460 
   6   C12       66.0340       54.6530      -26.6030 
   7    N7       65.2500       53.6190      -27.0950 
   6   C13       64.1380       53.9020      -27.8830 
   6   C14       63.3280       52.9020      -28.4280 
   6   C15       62.2220       53.2560      -29.2330 
   6   C16       61.3220       52.1940      -29.8200 
   6   C17       61.9330       54.6050      -29.5170 
   6   C18       60.7660       55.0490      -30.3920 
   6   C19       62.7590       55.5790      -28.9720 
   6   C20       63.8470       55.2320      -28.1730 
   7    N8       64.6230       56.2520      -27.6890 
   6   C21       65.7000       55.9760      -26.8900 
   6   C22       64.1430       57.6320      -28.0030 
   6   C23       64.9150       58.5540      -28.9020 
   8    O8       66.1450       58.8260      -28.3140 
   6   C24       64.1080       59.8250      -29.0310 
   8    O9       62.8280       59.3950      -29.4170 
   6   C25       64.6830       60.6540      -30.1580 
   8   O10       64.4210       62.0410      -29.9380 
   6   C26       64.0810       60.1270      -31.4590 
   8   O11       64.8020       60.6020      -32.5520 
  15    P1       64.1980       60.2880      -34.0000 
   8   O12       64.8520       61.1800      -35.0570 
   8   O13       64.3750       58.7980      -34.2730 
   8   O14       62.5960       60.6090      -33.9710 
   1     H       63.3110       64.1780      -34.5330 
   1    H1       64.2900       63.4690      -33.3110 
   1    H2       62.7810       64.6210      -31.6140 
   1    H3       60.9250       65.2380      -33.3350 
   1    H4       62.4180       67.3080      -32.0750 
   1    H5       62.3550       65.7660      -35.2450 
   1    H6       61.7700       68.2270      -34.0900 
   1    H7       63.9510       67.7780      -33.7190 
   1    H8       64.5920       64.3020      -35.3750 
   1    H9       68.7740       67.4170      -38.6230 
   1   H10       68.0120       65.9140      -38.3620 
   1   H11       66.8310       70.3930      -35.7760 
   1   H12       68.7290       55.2130      -24.7490 
   1   H13       63.5370       51.9080      -28.2430 
   1   H14       60.5480       52.6600      -30.3940 
   1   H15       60.8840       51.6210      -29.0300 
   1   H16       61.8960       51.5490      -30.4520 
   1   H17       59.9710       54.3370      -30.3140 
   1   H18       61.0890       55.1140      -31.4100 
   1   H19       60.4200       56.0070      -30.0660 
   1   H20       62.5640       56.5750      -29.1610 
   1   H21       63.1760       57.5200      -28.4470 
   1   H22       64.2240       58.1210      -27.0550 
   1   H23       65.0830       58.1190      -29.8650 
   1   H24       66.0050       59.2210      -27.4390 
   1   H25       64.1050       60.4030      -28.1300 
   1   H26       62.8940       58.8790      -30.2360 
   1   H27       65.7480       60.5670      -30.2110 
   1   H28       63.4630       62.1840      -29.8810 
   1   H29       64.1110       59.0570      -31.4540 
   1   H30       63.0690       60.4650      -31.5360 

