 DIHEDRAL 8244 8240 8245 8255 $FC  60.0
 DIHEDRAL 8240 8245 8255 8259 $FC -60.0
 DIHEDRAL 8245 8255 8259 8242 $FC  60.0
 DIHEDRAL 8255 8259 8242 8244 $FC -60.0
 DIHEDRAL 8259 8242 8244 8240 $FC  60.0
 DIHEDRAL 8242 8244 8240 8245 $FC -60.0
 DIHEDRAL 8272 8268 8273 8283 $FC  60.0
 DIHEDRAL 8268 8273 8283 8287 $FC -60.0
 DIHEDRAL 8273 8283 8287 8270 $FC  60.0
 DIHEDRAL 8283 8287 8270 8272 $FC -60.0
 DIHEDRAL 8287 8270 8272 8268 $FC  60.0
 DIHEDRAL 8270 8272 8268 8273 $FC -60.0
 DIHEDRAL 8300 8296 8301 8311 $FC  60.0
 DIHEDRAL 8296 8301 8311 8315 $FC -60.0
 DIHEDRAL 8301 8311 8315 8298 $FC  60.0
 DIHEDRAL 8311 8315 8298 8300 $FC -60.0
 DIHEDRAL 8315 8298 8300 8296 $FC  60.0
 DIHEDRAL 8298 8300 8296 8301 $FC -60.0
 DIHEDRAL 8328 8324 8329 8339 $FC  60.0
 DIHEDRAL 8324 8329 8339 8343 $FC -60.0
 DIHEDRAL 8329 8339 8343 8326 $FC  60.0
 DIHEDRAL 8339 8343 8326 8328 $FC -60.0
 DIHEDRAL 8343 8326 8328 8324 $FC  60.0
 DIHEDRAL 8326 8328 8324 8329 $FC -60.0
 DIHEDRAL 8356 8352 8357 8367 $FC  60.0
 DIHEDRAL 8352 8357 8367 8371 $FC -60.0
 DIHEDRAL 8357 8367 8371 8354 $FC  60.0
 DIHEDRAL 8367 8371 8354 8356 $FC -60.0
 DIHEDRAL 8371 8354 8356 8352 $FC  60.0
 DIHEDRAL 8354 8356 8352 8357 $FC -60.0
 DIHEDRAL 8384 8380 8385 8395 $FC  60.0
 DIHEDRAL 8380 8385 8395 8399 $FC -60.0
 DIHEDRAL 8385 8395 8399 8382 $FC  60.0
 DIHEDRAL 8395 8399 8382 8384 $FC -60.0
 DIHEDRAL 8399 8382 8384 8380 $FC  60.0
 DIHEDRAL 8382 8384 8380 8385 $FC -60.0
